# x y
0.000 1.000
0.001 0.243
0.002 -0.182
0.003 0.078
0.004 -0.142
0.005 0.129
0.006 0.141
0.007 -0.222
0.008 0.453
0.009 0.776
0.010 0.210
0.011 -0.088
0.012 -0.226
0.013 -0.027
0.014 0.255
0.015 0.081
0.016 0.043
0.017 0.284
0.018 0.560
0.019 0.351
0.020 -0.298
0.021 -0.191
0.022 0.125
0.023 0.098
0.024 0.326
0.025 0.061
0.026 -0.019
0.027 0.621
0.028 0.170
0.029 -0.320
0.030 0.080
0.031 -0.054
0.032 0.172
0.033 0.452
0.034 -0.203
0.035 0.026
0.036 0.463
0.037 -0.022
0.038 0.001
0.039 0.046
0.040 -0.091
0.041 0.292
0.042 0.166
0.043 -0.174
0.044 0.027
0.045 0.155
0.046 0.171
0.047 0.072
0.048 0.003
0.049 0.094
0.050 -0.013
0.051 0.025
0.052 -0.043
0.053 -0.213
0.054 0.244
0.055 0.252
0.056 -0.057
0.057 0.259
0.058 -0.055
0.059 -0.317
0.060 0.108
0.061 -0.224
0.062 -0.140
0.063 0.430
0.064 0.019
0.065 0.086
0.066 0.292
0.067 -0.351
0.068 -0.278
0.069 -0.092
0.070 -0.275
0.071 0.189
0.072 0.282
0.073 0.000
0.074 0.147
0.075 0.007
0.076 -0.276
0.077 -0.377
0.078 -0.328
0.079 0.017
0.080 0.198
0.081 0.238
0.082 0.093
0.083 -0.203
0.084 -0.006
0.085 -0.185
0.086 -0.629
0.087 -0.161
0.088 0.067
0.089 0.122
0.090 0.448
0.091 -0.192
0.092 -0.413
0.093 0.129
0.094 -0.355
0.095 -0.489
0.096 -0.053
0.097 -0.135
0.098 0.328
0.099 0.360
0.100 -0.476
0.101 -0.328
0.102 -0.044
0.103 -0.269
0.104 -0.213
0.105 -0.268
0.106 -0.077
0.107 0.341
0.108 0.093
0.109 -0.362
0.110 -0.465
0.111 -0.134
0.112 0.076
0.113 -0.290
0.114 -0.284
0.115 -0.034
0.116 0.016
0.117 0.192
0.118 -0.325
0.119 -0.654
0.120 0.129
0.121 0.084
0.122 -0.325
0.123 -0.128
0.124 -0.370
0.125 -0.050
0.126 0.346
0.127 -0.468
0.128 -0.430
0.129 0.184
0.130 -0.064
0.131 -0.099
0.132 -0.311
0.133 -0.562
0.134 0.091
0.135 0.209
0.136 -0.264
0.137 -0.219
0.138 -0.043
0.139 0.064
0.140 -0.147
0.141 -0.515
0.142 -0.392
0.143 -0.051
0.144 0.263
0.145 0.083
0.146 -0.354
0.147 -0.008
0.148 0.052
0.149 -0.415
0.150 -0.307
0.151 -0.392
0.152 -0.148
0.153 0.578
0.154 0.043
0.155 -0.329
0.156 0.086
0.157 -0.295
0.158 -0.333
0.159 -0.145
0.160 -0.481
0.161 0.125
0.162 0.558
0.163 -0.031
0.164 -0.101
0.165 -0.165
0.166 -0.382
0.167 -0.158
0.168 -0.221
0.169 -0.184
0.170 0.229
0.171 0.336
0.172 0.156
0.173 -0.194
0.174 -0.288
0.175 -0.197
0.176 -0.293
0.177 -0.020
0.178 0.117
0.179 0.028
0.180 0.399
0.181 0.101
0.182 -0.359
0.183 -0.015
0.184 -0.265
0.185 -0.293
0.186 0.319
0.187 0.028
0.188 0.074
0.189 0.397
0.190 -0.200
0.191 -0.126
0.192 0.109
0.193 -0.331
0.194 -0.016
0.195 0.244
0.196 0.032
0.197 0.236
0.198 0.079
0.199 -0.160
0.200 0.075
0.201 0.074
0.202 -0.029
0.203 -0.048
0.204 0.075
0.205 0.253
0.206 0.066
0.207 0.016
0.208 0.025
0.209 -0.020
0.210 0.366
0.211 0.130
0.212 -0.310
0.213 0.183
0.214 0.165
0.215 -0.022
0.216 0.274
0.217 -0.100
0.218 0.095
0.219 0.659
0.220 -0.055
0.221 -0.270
0.222 0.109
0.223 -0.045
0.224 0.284
0.225 0.293
0.226 -0.134
0.227 0.360
0.228 0.517
0.229 -0.029
0.230 -0.220
0.231 -0.213
0.232 0.127
0.233 0.442
0.234 0.251
0.235 0.129
0.236 0.219
0.237 0.408
0.238 0.147
0.239 -0.474
0.240 -0.191
0.241 0.298
0.242 0.360
0.243 0.546
0.244 0.120
0.245 -0.047
0.246 0.539
0.247 -0.009
0.248 -0.503
0.249 0.032
0.250 0.143
0.251 0.542
0.252 0.710
0.253 -0.145
0.254 0.003
0.255 0.400
0.256 -0.140
0.257 -0.189
0.258 -0.048
0.259 0.152
0.260 0.738
0.261 0.484
0.262 -0.105
0.263 -0.049
0.264 0.113
0.265 0.111
0.266 -0.119
0.267 -0.088
0.268 0.350
0.269 0.487
0.270 0.425
0.271 0.002
0.272 -0.340
0.273 0.213
0.274 0.223
0.275 -0.192
0.276 0.178
0.277 0.179
0.278 0.240
0.279 0.549
0.280 -0.198
0.281 -0.296
0.282 0.367
0.283 0.040
0.284 0.030
0.285 0.202
0.286 -0.127
0.287 0.286
0.288 0.359
0.289 -0.224
0.290 -0.008
0.291 0.189
0.292 0.083
0.293 0.139
0.294 -0.064
0.295 -0.077
0.296 0.132
0.297 0.149
0.298 0.093
0.299 -0.028
0.300 0.145
0.301 0.187
0.302 -0.167
0.303 -0.043
0.304 -0.054
0.305 -0.170
0.306 0.328
0.307 0.159
0.308 -0.075
0.309 0.333
0.310 -0.124
0.311 -0.333
0.312 0.091
0.313 -0.275
0.314 -0.074
0.315 0.407
0.316 0.010
0.317 0.172
0.318 0.198
0.319 -0.433
0.320 -0.258
0.321 -0.087
0.322 -0.195
0.323 0.132
0.324 0.169
0.325 0.127
0.326 0.203
0.327 -0.090
0.328 -0.382
0.329 -0.451
0.330 -0.149
0.331 0.144
0.332 0.000
0.333 0.143
0.334 0.177
0.335 -0.091
0.336 -0.007
0.337 -0.452
0.338 -0.684
0.339 0.134
0.340 0.156
0.341 -0.040
0.342 0.245
0.343 -0.177
0.344 -0.118
0.345 0.104
0.346 -0.678
0.347 -0.510
0.348 0.180
0.349 0.065
0.350 0.178
0.351 -0.020
0.352 -0.392
0.353 0.016
0.354 -0.054
0.355 -0.519
0.356 -0.380
0.357 -0.033
0.358 0.253
0.359 0.103
0.360 -0.285
0.361 -0.292
0.362 -0.153
0.363 0.028
0.364 -0.221
0.365 -0.578
0.366 0.013
0.367 0.259
0.368 -0.160
0.369 -0.145
0.370 -0.399
0.371 -0.249
0.372 0.369
0.373 -0.283
0.374 -0.583
0.375 0.063
0.376 -0.076
0.377 -0.061
0.378 -0.072
0.379 -0.564
0.380 0.013
0.381 0.371
0.382 -0.321
0.383 -0.406
0.384 -0.256
0.385 -0.151
0.386 0.102
0.387 -0.191
0.388 -0.319
0.389 0.076
0.390 0.203
0.391 -0.099
0.392 -0.561
0.393 -0.432
0.394 -0.003
0.395 -0.033
0.396 0.021
0.397 -0.080
0.398 -0.147
0.399 0.311
0.400 -0.145
0.401 -0.748
0.402 -0.234
0.403 -0.131
0.404 0.008
0.405 0.374
0.406 -0.197
0.407 -0.110
0.408 0.298
0.409 -0.420
0.410 -0.524
0.411 -0.198
0.412 -0.222
0.413 0.312
0.414 0.331
0.415 -0.169
0.416 0.003
0.417 -0.047
0.418 -0.347
0.419 -0.344
0.420 -0.266
0.421 0.058
0.422 0.286
0.423 0.238
0.424 0.068
0.425 -0.225
0.426 -0.131
0.427 -0.171
0.428 -0.416
0.429 0.041
0.430 0.178
0.431 0.049
0.432 0.406
0.433 -0.015
0.434 -0.333
0.435 0.071
0.436 -0.306
0.437 -0.231
0.438 0.350
0.439 -0.016
0.440 0.103
0.441 0.346
0.442 -0.184
0.443 -0.042
0.444 0.025
0.445 -0.317
0.446 0.094
0.447 0.257
0.448 0.031
0.449 0.111
0.450 0.036
0.451 0.039
0.452 0.100
0.453 -0.032
0.454 -0.047
0.455 0.002
0.456 0.241
0.457 0.203
0.458 -0.192
0.459 0.068
0.460 0.237
0.461 0.063
0.462 0.274
0.463 -0.076
0.464 -0.194
0.465 0.445
0.466 0.044
0.467 -0.246
0.468 0.259
0.469 0.128
0.470 0.336
0.471 0.441
0.472 -0.341
0.473 -0.105
0.474 0.346
0.475 -0.048
0.476 0.030
0.477 0.142
0.478 0.215
0.479 0.610
0.480 0.251
0.481 -0.301
0.482 -0.178
0.483 0.115
0.484 0.252
0.485 0.067
0.486 0.104
0.487 0.459
0.488 0.442
0.489 0.262
0.490 -0.237
0.491 -0.498
0.492 0.267
0.493 0.402
0.494 0.022
0.495 0.368
0.496 0.305
0.497 0.297
0.498 0.429
0.499 -0.474
0.501 -0.474
0.502 0.429
0.503 0.297
0.504 0.305
0.505 0.368
0.506 0.022
0.507 0.402
0.508 0.267
0.509 -0.498
0.510 -0.237
0.511 0.262
0.512 0.442
0.513 0.459
0.514 0.104
0.515 0.067
0.516 0.252
0.517 0.115
0.518 -0.178
0.519 -0.301
0.520 0.251
0.521 0.610
0.522 0.215
0.523 0.142
0.524 0.030
0.525 -0.048
0.526 0.346
0.527 -0.105
0.528 -0.341
0.529 0.441
0.530 0.336
0.531 0.128
0.532 0.259
0.533 -0.246
0.534 0.044
0.535 0.445
0.536 -0.194
0.537 -0.076
0.538 0.274
0.539 0.063
0.540 0.237
0.541 0.068
0.542 -0.192
0.543 0.203
0.544 0.241
0.545 0.002
0.546 -0.047
0.547 -0.032
0.548 0.100
0.549 0.039
0.550 0.036
0.551 0.111
0.552 0.031
0.553 0.257
0.554 0.094
0.555 -0.317
0.556 0.025
0.557 -0.042
0.558 -0.184
0.559 0.346
0.560 0.103
0.561 -0.016
0.562 0.350
0.563 -0.231
0.564 -0.306
0.565 0.071
0.566 -0.333
0.567 -0.015
0.568 0.406
0.569 0.049
0.570 0.178
0.571 0.041
0.572 -0.416
0.573 -0.171
0.574 -0.131
0.575 -0.225
0.576 0.068
0.577 0.238
0.578 0.286
0.579 0.058
0.580 -0.266
0.581 -0.344
0.582 -0.347
0.583 -0.047
0.584 0.003
0.585 -0.169
0.586 0.331
0.587 0.312
0.588 -0.222
0.589 -0.198
0.590 -0.524
0.591 -0.420
0.592 0.298
0.593 -0.110
0.594 -0.197
0.595 0.374
0.596 0.008
0.597 -0.131
0.598 -0.234
0.599 -0.748
0.600 -0.145
0.601 0.311
0.602 -0.147
0.603 -0.080
0.604 0.021
0.605 -0.033
0.606 -0.003
0.607 -0.432
0.608 -0.561
0.609 -0.099
0.610 0.203
0.611 0.076
0.612 -0.319
0.613 -0.191
0.614 0.102
0.615 -0.151
0.616 -0.256
0.617 -0.406
0.618 -0.321
0.619 0.371
0.620 0.013
0.621 -0.564
0.622 -0.072
0.623 -0.061
0.624 -0.076
0.625 0.063
0.626 -0.583
0.627 -0.283
0.628 0.369
0.629 -0.249
0.630 -0.399
0.631 -0.145
0.632 -0.160
0.633 0.259
0.634 0.013
0.635 -0.578
0.636 -0.221
0.637 0.028
0.638 -0.153
0.639 -0.292
0.640 -0.285
0.641 0.103
0.642 0.253
0.643 -0.033
0.644 -0.380
0.645 -0.519
0.646 -0.054
0.647 0.016
0.648 -0.392
0.649 -0.020
0.650 0.178
0.651 0.065
0.652 0.180
0.653 -0.510
0.654 -0.678
0.655 0.104
0.656 -0.118
0.657 -0.177
0.658 0.245
0.659 -0.040
0.660 0.156
0.661 0.134
0.662 -0.684
0.663 -0.452
0.664 -0.007
0.665 -0.091
0.666 0.177
0.667 0.143
0.668 0.000
0.669 0.144
0.670 -0.149
0.671 -0.451
0.672 -0.382
0.673 -0.090
0.674 0.203
0.675 0.127
0.676 0.169
0.677 0.132
0.678 -0.195
0.679 -0.087
0.680 -0.258
0.681 -0.433
0.682 0.198
0.683 0.172
0.684 0.010
0.685 0.407
0.686 -0.074
0.687 -0.275
0.688 0.091
0.689 -0.333
0.690 -0.124
0.691 0.333
0.692 -0.075
0.693 0.159
0.694 0.328
0.695 -0.170
0.696 -0.054
0.697 -0.043
0.698 -0.167
0.699 0.187
0.700 0.145
0.701 -0.028
0.702 0.093
0.703 0.149
0.704 0.132
0.705 -0.077
0.706 -0.064
0.707 0.139
0.708 0.083
0.709 0.189
0.710 -0.008
0.711 -0.224
0.712 0.359
0.713 0.286
0.714 -0.127
0.715 0.202
0.716 0.030
0.717 0.040
0.718 0.367
0.719 -0.296
0.720 -0.198
0.721 0.549
0.722 0.240
0.723 0.179
0.724 0.178
0.725 -0.192
0.726 0.223
0.727 0.213
0.728 -0.340
0.729 0.002
0.730 0.425
0.731 0.487
0.732 0.350
0.733 -0.088
0.734 -0.119
0.735 0.111
0.736 0.113
0.737 -0.049
0.738 -0.105
0.739 0.484
0.740 0.738
0.741 0.152
0.742 -0.048
0.743 -0.189
0.744 -0.140
0.745 0.400
0.746 0.003
0.747 -0.145
0.748 0.710
0.749 0.542
0.750 0.143
0.751 0.032
0.752 -0.503
0.753 -0.009
0.754 0.539
0.755 -0.047
0.756 0.120
0.757 0.546
0.758 0.360
0.759 0.298
0.760 -0.191
0.761 -0.474
0.762 0.147
0.763 0.408
0.764 0.219
0.765 0.129
0.766 0.251
0.767 0.442
0.768 0.127
0.769 -0.213
0.770 -0.220
0.771 -0.029
0.772 0.517
0.773 0.360
0.774 -0.134
0.775 0.293
0.776 0.284
0.777 -0.045
0.778 0.109
0.779 -0.270
0.780 -0.055
0.781 0.659
0.782 0.095
0.783 -0.100
0.784 0.274
0.785 -0.022
0.786 0.165
0.787 0.183
0.788 -0.310
0.789 0.130
0.790 0.366
0.791 -0.020
0.792 0.025
0.793 0.016
0.794 0.066
0.795 0.253
0.796 0.075
0.797 -0.048
0.798 -0.029
0.799 0.074
0.800 0.075
0.801 -0.160
0.802 0.079
0.803 0.236
0.804 0.032
0.805 0.244
0.806 -0.016
0.807 -0.331
0.808 0.109
0.809 -0.126
0.810 -0.200
0.811 0.397
0.812 0.074
0.813 0.028
0.814 0.319
0.815 -0.293
0.816 -0.265
0.817 -0.015
0.818 -0.359
0.819 0.101
0.820 0.399
0.821 0.028
0.822 0.117
0.823 -0.020
0.824 -0.293
0.825 -0.197
0.826 -0.288
0.827 -0.194
0.828 0.156
0.829 0.336
0.830 0.229
0.831 -0.184
0.832 -0.221
0.833 -0.158
0.834 -0.382
0.835 -0.165
0.836 -0.101
0.837 -0.031
0.838 0.558
0.839 0.125
0.840 -0.481
0.841 -0.145
0.842 -0.333
0.843 -0.295
0.844 0.086
0.845 -0.329
0.846 0.043
0.847 0.578
0.848 -0.148
0.849 -0.392
0.850 -0.307
0.851 -0.415
0.852 0.052
0.853 -0.008
0.854 -0.354
0.855 0.083
0.856 0.263
0.857 -0.051
0.858 -0.392
0.859 -0.515
0.860 -0.147
0.861 0.064
0.862 -0.043
0.863 -0.219
0.864 -0.264
0.865 0.209
0.866 0.091
0.867 -0.562
0.868 -0.311
0.869 -0.099
0.870 -0.064
0.871 0.184
0.872 -0.430
0.873 -0.468
0.874 0.346
0.875 -0.050
0.876 -0.370
0.877 -0.128
0.878 -0.325
0.879 0.084
0.880 0.129
0.881 -0.654
0.882 -0.325
0.883 0.192
0.884 0.016
0.885 -0.034
0.886 -0.284
0.887 -0.290
0.888 0.076
0.889 -0.134
0.890 -0.465
0.891 -0.362
0.892 0.093
0.893 0.341
0.894 -0.077
0.895 -0.268
0.896 -0.213
0.897 -0.269
0.898 -0.044
0.899 -0.328
0.900 -0.476
0.901 0.360
0.902 0.328
0.903 -0.135
0.904 -0.053
0.905 -0.489
0.906 -0.355
0.907 0.129
0.908 -0.413
0.909 -0.192
0.910 0.448
0.911 0.122
0.912 0.067
0.913 -0.161
0.914 -0.629
0.915 -0.185
0.916 -0.006
0.917 -0.203
0.918 0.093
0.919 0.238
0.920 0.198
0.921 0.017
0.922 -0.328
0.923 -0.377
0.924 -0.276
0.925 0.007
0.926 0.147
0.927 0.000
0.928 0.282
0.929 0.189
0.930 -0.275
0.931 -0.092
0.932 -0.278
0.933 -0.351
0.934 0.292
0.935 0.086
0.936 0.019
0.937 0.430
0.938 -0.140
0.939 -0.224
0.940 0.108
0.941 -0.317
0.942 -0.055
0.943 0.259
0.944 -0.057
0.945 0.252
0.946 0.244
0.947 -0.213
0.948 -0.043
0.949 0.025
0.950 -0.013
0.951 0.094
0.952 0.003
0.953 0.072
0.954 0.171
0.955 0.155
0.956 0.027
0.957 -0.174
0.958 0.166
0.959 0.292
0.960 -0.091
0.961 0.046
0.962 0.001
0.963 -0.022
0.964 0.463
0.965 0.026
0.966 -0.203
0.967 0.452
0.968 0.172
0.969 -0.054
0.970 0.080
0.971 -0.320
0.972 0.170
0.973 0.621
0.974 -0.019
0.975 0.061
0.976 0.326
0.977 0.098
0.978 0.125
0.979 -0.191
0.980 -0.298
0.981 0.351
0.982 0.560
0.983 0.284
0.984 0.043
0.985 0.081
0.986 0.255
0.987 -0.027
0.988 -0.226
0.989 -0.088
0.990 0.210
0.991 0.776
0.992 0.453
0.993 -0.222
0.994 0.141
0.995 0.129
0.996 -0.142
0.997 0.078
0.998 -0.182
0.999 0.243
1.000 1.000
