# x y
0.000 1.000
0.001 0.987
0.002 0.947
0.003 0.882
0.004 0.794
0.005 0.687
0.006 0.564
0.007 0.430
0.008 0.289
0.009 0.146
0.010 0.007
0.011 -0.125
0.012 -0.244
0.013 -0.348
0.014 -0.433
0.015 -0.497
0.016 -0.538
0.017 -0.556
0.018 -0.552
0.019 -0.526
0.020 -0.481
0.021 -0.420
0.022 -0.344
0.023 -0.259
0.024 -0.168
0.025 -0.075
0.026 0.016
0.027 0.102
0.028 0.179
0.029 0.244
0.030 0.296
0.031 0.332
0.032 0.352
0.033 0.355
0.034 0.343
0.035 0.316
0.036 0.275
0.037 0.223
0.038 0.163
0.039 0.096
0.040 0.025
0.041 -0.047
0.042 -0.118
0.043 -0.185
0.044 -0.247
0.045 -0.302
0.046 -0.349
0.047 -0.388
0.048 -0.418
0.049 -0.439
0.050 -0.453
0.051 -0.459
0.052 -0.459
0.053 -0.454
0.054 -0.445
0.055 -0.433
0.056 -0.419
0.057 -0.404
0.058 -0.388
0.059 -0.372
0.060 -0.355
0.061 -0.338
0.062 -0.320
0.063 -0.301
0.064 -0.279
0.065 -0.255
0.066 -0.227
0.067 -0.194
0.068 -0.157
0.069 -0.116
0.070 -0.069
0.071 -0.019
0.072 0.035
0.073 0.092
0.074 0.149
0.075 0.206
0.076 0.261
0.077 0.312
0.078 0.357
0.079 0.394
0.080 0.422
0.081 0.439
0.082 0.444
0.083 0.437
0.084 0.417
0.085 0.385
0.086 0.342
0.087 0.290
0.088 0.229
0.089 0.164
0.090 0.095
0.091 0.026
0.092 -0.039
0.093 -0.099
0.094 -0.150
0.095 -0.190
0.096 -0.216
0.097 -0.228
0.098 -0.224
0.099 -0.204
0.100 -0.168
0.101 -0.118
0.102 -0.054
0.103 0.020
0.104 0.102
0.105 0.189
0.106 0.278
0.107 0.364
0.108 0.444
0.109 0.515
0.110 0.574
0.111 0.618
0.112 0.645
0.113 0.653
0.114 0.643
0.115 0.613
0.116 0.565
0.117 0.501
0.118 0.422
0.119 0.332
0.120 0.233
0.121 0.129
0.122 0.025
0.123 -0.078
0.124 -0.174
0.125 -0.260
0.126 -0.335
0.127 -0.394
0.128 -0.438
0.129 -0.465
0.130 -0.475
0.131 -0.468
0.132 -0.445
0.133 -0.410
0.134 -0.363
0.135 -0.308
0.136 -0.249
0.137 -0.187
0.138 -0.127
0.139 -0.072
0.140 -0.025
0.141 0.013
0.142 0.039
0.143 0.052
0.144 0.052
0.145 0.038
0.146 0.012
0.147 -0.025
0.148 -0.072
0.149 -0.125
0.150 -0.181
0.151 -0.239
0.152 -0.295
0.153 -0.346
0.154 -0.389
0.155 -0.422
0.156 -0.444
0.157 -0.452
0.158 -0.447
0.159 -0.428
0.160 -0.397
0.161 -0.353
0.162 -0.299
0.163 -0.238
0.164 -0.171
0.165 -0.102
0.166 -0.033
0.167 0.032
0.168 0.091
0.169 0.142
0.170 0.182
0.171 0.211
0.172 0.226
0.173 0.229
0.174 0.219
0.175 0.198
0.176 0.166
0.177 0.126
0.178 0.081
0.179 0.032
0.180 -0.017
0.181 -0.063
0.182 -0.103
0.183 -0.137
0.184 -0.160
0.185 -0.172
0.186 -0.171
0.187 -0.157
0.188 -0.130
0.189 -0.091
0.190 -0.041
0.191 0.018
0.192 0.085
0.193 0.156
0.194 0.228
0.195 0.300
0.196 0.367
0.197 0.429
0.198 0.481
0.199 0.523
0.200 0.553
0.201 0.569
0.202 0.572
0.203 0.562
0.204 0.539
0.205 0.504
0.206 0.460
0.207 0.407
0.208 0.349
0.209 0.287
0.210 0.224
0.211 0.163
0.212 0.104
0.213 0.050
0.214 0.003
0.215 -0.037
0.216 -0.068
0.217 -0.091
0.218 -0.107
0.219 -0.114
0.220 -0.116
0.221 -0.112
0.222 -0.105
0.223 -0.095
0.224 -0.085
0.225 -0.075
0.226 -0.068
0.227 -0.063
0.228 -0.063
0.229 -0.066
0.230 -0.074
0.231 -0.086
0.232 -0.101
0.233 -0.118
0.234 -0.136
0.235 -0.154
0.236 -0.171
0.237 -0.185
0.238 -0.196
0.239 -0.201
0.240 -0.201
0.241 -0.195
0.242 -0.183
0.243 -0.165
0.244 -0.143
0.245 -0.118
0.246 -0.090
0.247 -0.063
0.248 -0.036
0.249 -0.014
0.250 0.004
0.251 0.014
0.252 0.015
0.253 0.007
0.254 -0.012
0.255 -0.041
0.256 -0.080
0.257 -0.129
0.258 -0.186
0.259 -0.248
0.260 -0.314
0.261 -0.381
0.262 -0.445
0.263 -0.503
0.264 -0.553
0.265 -0.591
0.266 -0.615
0.267 -0.622
0.268 -0.611
0.269 -0.581
0.270 -0.532
0.271 -0.465
0.272 -0.379
0.273 -0.279
0.274 -0.165
0.275 -0.043
0.276 0.085
0.277 0.215
0.278 0.341
0.279 0.460
0.280 0.567
0.281 0.659
0.282 0.732
0.283 0.784
0.284 0.813
0.285 0.817
0.286 0.797
0.287 0.753
0.288 0.688
0.289 0.602
0.290 0.501
0.291 0.387
0.292 0.265
0.293 0.139
0.294 0.016
0.295 -0.102
0.296 -0.209
0.297 -0.301
0.298 -0.375
0.299 -0.428
0.300 -0.459
0.301 -0.466
0.302 -0.449
0.303 -0.409
0.304 -0.348
0.305 -0.269
0.306 -0.174
0.307 -0.067
0.308 0.046
0.309 0.163
0.310 0.278
0.311 0.387
0.312 0.486
0.313 0.572
0.314 0.641
0.315 0.691
0.316 0.720
0.317 0.728
0.318 0.715
0.319 0.681
0.320 0.628
0.321 0.558
0.322 0.474
0.323 0.378
0.324 0.275
0.325 0.167
0.326 0.058
0.327 -0.048
0.328 -0.149
0.329 -0.242
0.330 -0.325
0.331 -0.397
0.332 -0.455
0.333 -0.500
0.334 -0.531
0.335 -0.550
0.336 -0.556
0.337 -0.552
0.338 -0.538
0.339 -0.516
0.340 -0.488
0.341 -0.456
0.342 -0.421
0.343 -0.385
0.344 -0.349
0.345 -0.314
0.346 -0.280
0.347 -0.248
0.348 -0.218
0.349 -0.190
0.350 -0.164
0.351 -0.139
0.352 -0.114
0.353 -0.090
0.354 -0.067
0.355 -0.043
0.356 -0.019
0.357 0.005
0.358 0.029
0.359 0.051
0.360 0.072
0.361 0.090
0.362 0.104
0.363 0.113
0.364 0.117
0.365 0.114
0.366 0.103
0.367 0.085
0.368 0.059
0.369 0.026
0.370 -0.015
0.371 -0.061
0.372 -0.111
0.373 -0.164
0.374 -0.218
0.375 -0.269
0.376 -0.316
0.377 -0.355
0.378 -0.386
0.379 -0.404
0.380 -0.410
0.381 -0.400
0.382 -0.374
0.383 -0.332
0.384 -0.273
0.385 -0.200
0.386 -0.113
0.387 -0.015
0.388 0.092
0.389 0.205
0.390 0.319
0.391 0.431
0.392 0.537
0.393 0.634
0.394 0.718
0.395 0.785
0.396 0.833
0.397 0.861
0.398 0.866
0.399 0.848
0.400 0.809
0.401 0.748
0.402 0.668
0.403 0.572
0.404 0.463
0.405 0.345
0.406 0.223
0.407 0.099
0.408 -0.021
0.409 -0.132
0.410 -0.232
0.411 -0.316
0.412 -0.383
0.413 -0.429
0.414 -0.454
0.415 -0.458
0.416 -0.441
0.417 -0.403
0.418 -0.349
0.419 -0.280
0.420 -0.199
0.421 -0.111
0.422 -0.020
0.423 0.070
0.424 0.156
0.425 0.234
0.426 0.300
0.427 0.351
0.428 0.385
0.429 0.402
0.430 0.399
0.431 0.379
0.432 0.340
0.433 0.286
0.434 0.219
0.435 0.140
0.436 0.054
0.437 -0.036
0.438 -0.126
0.439 -0.214
0.440 -0.296
0.441 -0.369
0.442 -0.430
0.443 -0.479
0.444 -0.513
0.445 -0.533
0.446 -0.537
0.447 -0.528
0.448 -0.507
0.449 -0.474
0.450 -0.433
0.451 -0.386
0.452 -0.335
0.453 -0.283
0.454 -0.233
0.455 -0.187
0.456 -0.147
0.457 -0.114
0.458 -0.089
0.459 -0.073
0.460 -0.065
0.461 -0.066
0.462 -0.074
0.463 -0.087
0.464 -0.105
0.465 -0.124
0.466 -0.143
0.467 -0.160
0.468 -0.173
0.469 -0.180
0.470 -0.180
0.471 -0.172
0.472 -0.156
0.473 -0.131
0.474 -0.098
0.475 -0.057
0.476 -0.011
0.477 0.039
0.478 0.092
0.479 0.145
0.480 0.196
0.481 0.243
0.482 0.284
0.483 0.318
0.484 0.343
0.485 0.358
0.486 0.362
0.487 0.357
0.488 0.341
0.489 0.317
0.490 0.286
0.491 0.249
0.492 0.209
0.493 0.167
0.494 0.127
0.495 0.089
0.496 0.055
0.497 0.029
0.498 0.011
0.499 0.001
0.501 0.001
0.502 0.011
0.503 0.029
0.504 0.055
0.505 0.089
0.506 0.127
0.507 0.167
0.508 0.209
0.509 0.249
0.510 0.286
0.511 0.317
0.512 0.341
0.513 0.357
0.514 0.362
0.515 0.358
0.516 0.343
0.517 0.318
0.518 0.284
0.519 0.243
0.520 0.196
0.521 0.145
0.522 0.092
0.523 0.039
0.524 -0.011
0.525 -0.057
0.526 -0.098
0.527 -0.131
0.528 -0.156
0.529 -0.172
0.530 -0.180
0.531 -0.180
0.532 -0.173
0.533 -0.160
0.534 -0.143
0.535 -0.124
0.536 -0.105
0.537 -0.087
0.538 -0.074
0.539 -0.066
0.540 -0.065
0.541 -0.073
0.542 -0.089
0.543 -0.114
0.544 -0.147
0.545 -0.187
0.546 -0.233
0.547 -0.283
0.548 -0.335
0.549 -0.386
0.550 -0.433
0.551 -0.474
0.552 -0.507
0.553 -0.528
0.554 -0.537
0.555 -0.533
0.556 -0.513
0.557 -0.479
0.558 -0.430
0.559 -0.369
0.560 -0.296
0.561 -0.214
0.562 -0.126
0.563 -0.036
0.564 0.054
0.565 0.140
0.566 0.219
0.567 0.286
0.568 0.340
0.569 0.379
0.570 0.399
0.571 0.402
0.572 0.385
0.573 0.351
0.574 0.300
0.575 0.234
0.576 0.156
0.577 0.070
0.578 -0.020
0.579 -0.111
0.580 -0.199
0.581 -0.280
0.582 -0.349
0.583 -0.403
0.584 -0.441
0.585 -0.458
0.586 -0.454
0.587 -0.429
0.588 -0.383
0.589 -0.316
0.590 -0.232
0.591 -0.132
0.592 -0.021
0.593 0.099
0.594 0.223
0.595 0.345
0.596 0.463
0.597 0.572
0.598 0.668
0.599 0.748
0.600 0.809
0.601 0.848
0.602 0.866
0.603 0.861
0.604 0.833
0.605 0.785
0.606 0.718
0.607 0.634
0.608 0.537
0.609 0.431
0.610 0.319
0.611 0.205
0.612 0.092
0.613 -0.015
0.614 -0.113
0.615 -0.200
0.616 -0.273
0.617 -0.332
0.618 -0.374
0.619 -0.400
0.620 -0.410
0.621 -0.404
0.622 -0.386
0.623 -0.355
0.624 -0.316
0.625 -0.269
0.626 -0.218
0.627 -0.164
0.628 -0.111
0.629 -0.061
0.630 -0.015
0.631 0.026
0.632 0.059
0.633 0.085
0.634 0.103
0.635 0.114
0.636 0.117
0.637 0.113
0.638 0.104
0.639 0.090
0.640 0.072
0.641 0.051
0.642 0.029
0.643 0.005
0.644 -0.019
0.645 -0.043
0.646 -0.067
0.647 -0.090
0.648 -0.114
0.649 -0.139
0.650 -0.164
0.651 -0.190
0.652 -0.218
0.653 -0.248
0.654 -0.280
0.655 -0.314
0.656 -0.349
0.657 -0.385
0.658 -0.421
0.659 -0.456
0.660 -0.488
0.661 -0.516
0.662 -0.538
0.663 -0.552
0.664 -0.556
0.665 -0.550
0.666 -0.531
0.667 -0.500
0.668 -0.455
0.669 -0.397
0.670 -0.325
0.671 -0.242
0.672 -0.149
0.673 -0.048
0.674 0.058
0.675 0.167
0.676 0.275
0.677 0.378
0.678 0.474
0.679 0.558
0.680 0.628
0.681 0.681
0.682 0.715
0.683 0.728
0.684 0.720
0.685 0.691
0.686 0.641
0.687 0.572
0.688 0.486
0.689 0.387
0.690 0.278
0.691 0.163
0.692 0.046
0.693 -0.067
0.694 -0.174
0.695 -0.269
0.696 -0.348
0.697 -0.409
0.698 -0.449
0.699 -0.466
0.700 -0.459
0.701 -0.428
0.702 -0.375
0.703 -0.301
0.704 -0.209
0.705 -0.102
0.706 0.016
0.707 0.139
0.708 0.265
0.709 0.387
0.710 0.501
0.711 0.602
0.712 0.688
0.713 0.753
0.714 0.797
0.715 0.817
0.716 0.813
0.717 0.784
0.718 0.732
0.719 0.659
0.720 0.567
0.721 0.460
0.722 0.341
0.723 0.215
0.724 0.085
0.725 -0.043
0.726 -0.165
0.727 -0.279
0.728 -0.379
0.729 -0.465
0.730 -0.532
0.731 -0.581
0.732 -0.611
0.733 -0.622
0.734 -0.615
0.735 -0.591
0.736 -0.553
0.737 -0.503
0.738 -0.445
0.739 -0.381
0.740 -0.314
0.741 -0.248
0.742 -0.186
0.743 -0.129
0.744 -0.080
0.745 -0.041
0.746 -0.012
0.747 0.007
0.748 0.015
0.749 0.014
0.750 0.004
0.751 -0.014
0.752 -0.036
0.753 -0.063
0.754 -0.090
0.755 -0.118
0.756 -0.143
0.757 -0.165
0.758 -0.183
0.759 -0.195
0.760 -0.201
0.761 -0.201
0.762 -0.196
0.763 -0.185
0.764 -0.171
0.765 -0.154
0.766 -0.136
0.767 -0.118
0.768 -0.101
0.769 -0.086
0.770 -0.074
0.771 -0.066
0.772 -0.063
0.773 -0.063
0.774 -0.068
0.775 -0.075
0.776 -0.085
0.777 -0.095
0.778 -0.105
0.779 -0.112
0.780 -0.116
0.781 -0.114
0.782 -0.107
0.783 -0.091
0.784 -0.068
0.785 -0.037
0.786 0.003
0.787 0.050
0.788 0.104
0.789 0.163
0.790 0.224
0.791 0.287
0.792 0.349
0.793 0.407
0.794 0.460
0.795 0.504
0.796 0.539
0.797 0.562
0.798 0.572
0.799 0.569
0.800 0.553
0.801 0.523
0.802 0.481
0.803 0.429
0.804 0.367
0.805 0.300
0.806 0.228
0.807 0.156
0.808 0.085
0.809 0.018
0.810 -0.041
0.811 -0.091
0.812 -0.130
0.813 -0.157
0.814 -0.171
0.815 -0.172
0.816 -0.160
0.817 -0.137
0.818 -0.103
0.819 -0.063
0.820 -0.017
0.821 0.032
0.822 0.081
0.823 0.126
0.824 0.166
0.825 0.198
0.826 0.219
0.827 0.229
0.828 0.226
0.829 0.211
0.830 0.182
0.831 0.142
0.832 0.091
0.833 0.032
0.834 -0.033
0.835 -0.102
0.836 -0.171
0.837 -0.238
0.838 -0.299
0.839 -0.353
0.840 -0.397
0.841 -0.428
0.842 -0.447
0.843 -0.452
0.844 -0.444
0.845 -0.422
0.846 -0.389
0.847 -0.346
0.848 -0.295
0.849 -0.239
0.850 -0.181
0.851 -0.125
0.852 -0.072
0.853 -0.025
0.854 0.012
0.855 0.038
0.856 0.052
0.857 0.052
0.858 0.039
0.859 0.013
0.860 -0.025
0.861 -0.072
0.862 -0.127
0.863 -0.187
0.864 -0.249
0.865 -0.308
0.866 -0.363
0.867 -0.410
0.868 -0.445
0.869 -0.468
0.870 -0.475
0.871 -0.465
0.872 -0.438
0.873 -0.394
0.874 -0.335
0.875 -0.260
0.876 -0.174
0.877 -0.078
0.878 0.025
0.879 0.129
0.880 0.233
0.881 0.332
0.882 0.422
0.883 0.501
0.884 0.565
0.885 0.613
0.886 0.643
0.887 0.653
0.888 0.645
0.889 0.618
0.890 0.574
0.891 0.515
0.892 0.444
0.893 0.364
0.894 0.278
0.895 0.189
0.896 0.102
0.897 0.020
0.898 -0.054
0.899 -0.118
0.900 -0.168
0.901 -0.204
0.902 -0.224
0.903 -0.228
0.904 -0.216
0.905 -0.190
0.906 -0.150
0.907 -0.099
0.908 -0.039
0.909 0.026
0.910 0.095
0.911 0.164
0.912 0.229
0.913 0.290
0.914 0.342
0.915 0.385
0.916 0.417
0.917 0.437
0.918 0.444
0.919 0.439
0.920 0.422
0.921 0.394
0.922 0.357
0.923 0.312
0.924 0.261
0.925 0.206
0.926 0.149
0.927 0.092
0.928 0.035
0.929 -0.019
0.930 -0.069
0.931 -0.116
0.932 -0.157
0.933 -0.194
0.934 -0.227
0.935 -0.255
0.936 -0.279
0.937 -0.301
0.938 -0.320
0.939 -0.338
0.940 -0.355
0.941 -0.372
0.942 -0.388
0.943 -0.404
0.944 -0.419
0.945 -0.433
0.946 -0.445
0.947 -0.454
0.948 -0.459
0.949 -0.459
0.950 -0.453
0.951 -0.439
0.952 -0.418
0.953 -0.388
0.954 -0.349
0.955 -0.302
0.956 -0.247
0.957 -0.185
0.958 -0.118
0.959 -0.047
0.960 0.025
0.961 0.096
0.962 0.163
0.963 0.223
0.964 0.275
0.965 0.316
0.966 0.343
0.967 0.355
0.968 0.352
0.969 0.332
0.970 0.296
0.971 0.244
0.972 0.179
0.973 0.102
0.974 0.016
0.975 -0.075
0.976 -0.168
0.977 -0.259
0.978 -0.344
0.979 -0.420
0.980 -0.481
0.981 -0.526
0.982 -0.552
0.983 -0.556
0.984 -0.538
0.985 -0.497
0.986 -0.433
0.987 -0.348
0.988 -0.244
0.989 -0.125
0.990 0.007
0.991 0.146
0.992 0.289
0.993 0.430
0.994 0.564
0.995 0.687
0.996 0.794
0.997 0.882
0.998 0.947
0.999 0.987
1.000 1.000
